cpu		mem		time
 40,0   0,3   00,04
100,0   0,4   00,14
 90,9   0,5   00,24
100,0   0,6   00,35
 90,9   0,7   00,45
100,0   0,8   00,55
100,0   1,0   00,65
100,0   1,1   00,76
100,0   1,2   00,87
100,0   1,3   00,97
100,0   1,4   01,08
100,0   1,6   01,18
 90,9   1,7   01,28
100,0   1,8   01,38
100,0   1,9   01,49
 90,9   2,0   01,59
100,0   2,1   01,70
 90,9   2,2   01,80
100,0   2,4   01,90
100,0   2,5   02,00
100,0   2,6   02,11
100,0   2,7   02,21
100,0   2,8   02,32
100,0   2,9   02,43
100,0   3,1   02,53
 90,9   3,2   02,63
100,0   3,3   02,74
 90,9   3,7   02,84
100,0   5,2   02,95
100,0   6,9   03,06
100,0   6,9   03,16
 90,9   7,8   03,26
100,0   8,7   03,37
100,0   8,8   03,48
100,0   8,8   03,59
100,0   8,8   03,69
100,0   8,8   03,80
 90,9   8,8   03,90
100,0   8,8   04,01
 90,9   8,8   04,11
100,0   9,4   04,22
 90,9  10,1   04,32
100,0  10,1   04,43
100,0  10,1   04,54
 90,9  10,1   04,64
100,0  10,1   04,75
100,0  10,1   04,86
100,0  10,1   04,96
100,0  10,1   05,07
 90,9  10,6   05,17
100,0  11,2   05,28
 90,9  11,2   05,38
100,0  11,2   05,49
 90,9  11,2   05,59
100,0  11,2   05,70
100,0  11,2   05,80
100,0  11,5   05,91
100,0  11,9   06,01
 90,9  11,9   06,11
100,0  11,9   06,22
100,0  11,9   06,33
 90,9  11,9   06,43
100,0  11,9   06,54
100,0  12,4   06,65
100,0  12,8   06,76
 90,9  12,8   06,86
100,0  12,8   06,97
 90,9  12,8   07,07
100,0  12,8   07,18
100,0  12,8   07,28
100,0  13,0   07,39
100,0  13,4   07,49
100,0  13,4   07,60
100,0  13,4   07,70
100,0  13,4   07,81
 90,9  13,4   07,91
100,0  13,5   08,02
 90,9  13,7   08,12
100,0  13,7   08,23
100,0  13,7   08,34
100,0  13,7   08,44
100,0  13,7   08,55
100,0  13,7   08,65
 90,9  14,2   08,75
100,0  14,2   08,86
 90,9  14,2   08,96
100,0  14,2   09,07
100,0  14,2   09,17
100,0  14,2   09,28
100,0  14,5   09,38
100,0  14,6   09,50
100,0  14,6   09,60
100,0  14,6   09,71
100,0  14,6   09,81
100,0  14,6   09,92
 90,9  14,9   10,02
100,0  15,1   10,13
100,0  15,1   10,24
100,0  15,1   10,34
 90,9  15,1   10,44
100,0  15,1   10,55
 90,9  15,1   10,65
100,0  15,4   10,76
 90,9  15,6   10,86
100,0  15,6   10,96
100,0  15,6   11,07
100,0  15,6   11,18
100,0  15,6   11,28
100,0  15,9   11,39
100,0  16,0   11,50
 90,9  16,0   11,60
100,0  16,0   11,71
 90,9  16,0   11,81
100,0  16,0   11,92
 90,9  16,0   12,02
100,0  16,5   12,13
100,0  16,5   12,23
100,0  16,5   12,34
100,0  16,5   12,44
100,0  16,5   12,55
100,0  16,5   12,65
100,0  16,8   12,76
100,0  17,0   12,86
100,0  17,0   12,97
100,0  17,0   13,08
 90,9  17,0   13,18
 90,9  17,0   13,28
100,0  17,0   13,39
100,0  17,3   13,50
100,0  17,3   13,60
100,0  17,3   13,71
100,0  17,3   13,81
100,0  17,3   13,92
100,0  17,4   14,03
 90,9  17,4   14,13
100,0  17,4   14,23
100,0  17,4   14,34
100,0  17,4   14,44
 90,9  17,6   14,54
100,0  17,7   14,66
 90,9  17,7   14,76
100,0  17,7   14,87
100,0  17,7   14,97
100,0  17,7   15,08
100,0  17,9   15,18
100,0  17,9   15,29
100,0  17,9   15,39
100,0  17,9   15,50
100,0  17,9   15,60
100,0  18,0   15,71
100,0  18,1   15,81
100,0  18,1   15,92
100,0  18,1   16,02
100,0  18,1   16,13
100,0  18,1   16,23
100,0  18,3   16,34
100,0  18,4   16,44
100,0  18,4   16,55
100,0  18,4   16,66
 90,9  18,4   16,76
 90,9  18,4   16,86
100,0  18,6   16,97
 90,9  18,6   17,07
100,0  18,6   17,18
 90,9  18,6   17,28
100,0  18,6   17,39
 90,9  18,7   17,49
100,0  18,8   17,59
100,0  18,8   17,70
100,0  18,8   17,80
100,0  18,8   17,91
100,0  18,8   18,02
100,0  19,1   18,13
100,0  19,1   18,23
100,0  19,1   18,34
100,0  19,1   18,44
100,0  19,1   18,55
100,0  19,2   18,65
 90,9  19,2   18,75
100,0  19,2   18,86
100,0  19,2   18,96
100,0  19,2   19,07
100,0  19,2   19,17
100,0  19,2   19,28
100,0  19,3   19,38
100,0  19,3   19,49
100,0  19,3   19,59
100,0  19,3   19,70
100,0  19,3   19,80
100,0  19,3   19,91
100,0  19,4   20,01
100,0  19,4   20,12
100,0  19,4   20,22
 90,9  19,4   20,32
100,0  19,4   20,43
 90,9  19,4   20,53
100,0  19,5   20,64
 90,9  19,5   20,74
100,0  19,5   20,85
 90,9  19,5   20,95
100,0  19,5   21,06
 90,9  19,5   21,16
100,0  19,5   21,27
100,0  19,6   21,38
100,0  19,6   21,48
100,0  19,6   21,59
100,0  19,6   21,70
 90,9  19,6   21,80
100,0  19,6   21,90
100,0  19,7   22,01
100,0  19,8   22,11
100,0  19,8   22,22
100,0  19,8   22,33
 90,9  19,8   22,43
 90,9  19,8   22,53
100,0  19,8   22,64
100,0  19,9   22,75
100,0  19,9   22,85
100,0  19,9   22,95
100,0  19,9   23,06
100,0  19,9   23,16
100,0  19,9   23,27
100,0  19,9   23,37
 90,9  19,9   23,47
100,0  19,9   23,58
100,0  19,9   23,69
100,0  19,9   23,79
100,0  19,9   23,89
100,0  19,9   24,00
100,0  20,2   24,10
 90,9  20,3   24,20
100,0  20,3   24,31
 90,9  20,3   24,41
100,0  20,3   24,52
 90,9  20,3   24,62
100,0  20,4   24,73
100,0  20,4   24,84
100,0  20,4   24,94
100,0  20,4   25,05
100,0  20,4   25,15
100,0  20,5   25,26
100,0  20,6   25,36
100,0  20,6   25,46
100,0  20,6   25,57
100,0  20,6   25,68
 90,9  20,6   25,78
100,0  21,1   25,88
 90,9  21,3   25,98
100,0  21,3   26,08
100,0  21,3   26,19
100,0  21,3   26,30
 90,9  21,3   26,40
100,0  21,3   26,50
100,0  21,4   26,61
100,0  21,6   26,71
100,0  21,6   26,82
 90,9  21,6   26,92
100,0  21,6   27,03
 90,9  21,6   27,13
100,0  21,8   27,24
100,0  21,9   27,35
100,0  21,9   27,45
100,0  21,9   27,56
100,0  21,9   27,66
100,0  21,9   27,77
100,0  22,2   27,87
 90,9  22,3   27,97
100,0  22,8   28,07
100,0  22,8   28,18
 90,9  22,8   28,28
100,0  22,8   28,38
100,0  22,8   28,49