CPU			 MEM		TIME
 90,9		 0,3		00,10
100,0		 0,4		00,20
 90,9		 0,5		00,30
100,0		 0,7		00,41
100,0		 0,8		00,51
100,0		 0,9		00,62
100,0		 1,0		00,72
100,0		 1,1		00,82
100,0		 1,3		00,93
100,0		 1,4		01,03
 90,9		 1,5		01,13
100,0		 1,6		01,24
100,0		 1,7		01,34
 90,9		 1,8		01,44
100,0		 1,9		01,55
 90,9		 2,1		01,65
100,0		 2,2		01,76
100,0		 2,3		01,86
 90,9		 2,4		01,96
100,0		 2,5		02,06
 90,9		 2,6		02,16
100,0		 2,8		02,27
100,0		 2,9		02,38
 90,9		 3,0		02,48
100,0		 3,1		02,58
100,0		 3,2		02,69
 90,9		 3,5		02,79
100,0		 4,2		02,89
100,0		 6,1		03,00
100,0		 7,7		03,10
100,0		 7,7		03,20
100,0		 8,3		03,31
100,0		 9,4		03,42
 90,9		 9,7		03,52
100,0		 9,7		03,63
 90,9		 9,7		03,73
100,0		 9,7		03,84
100,0		 9,7		03,94
 90,9		 9,7		04,04
100,0		 9,7		04,15
 90,9		10,3		04,25
100,0		10,9		04,35
100,0		11,0		04,46
100,0		11,0		04,56
100,0		11,0		04,67
100,0		11,0		04,77
100,0		11,0		04,88
 90,9		11,0		04,98
100,0		11,0		05,09
 90,9		11,3		05,19
100,0		12,1		05,30
 90,9		12,1		05,40
100,0		12,1		05,51
 90,9		12,1		05,61
100,0		12,1		05,71
100,0		12,1		05,82
100,0		12,3		05,92
100,0		12,8		06,02
100,0		12,8		06,13
100,0		12,8		06,24
 90,9		12,8		06,34
100,0		12,8		06,44
100,0		12,8		06,55
100,0		12,8		06,65
 90,9		13,3		06,75
100,0		13,7		06,86
100,0		13,7		06,97
100,0		13,7		07,07
100,0		13,7		07,18
 90,9		13,7		07,28
100,0		13,7		07,38
100,0		14,3		07,49
100,0		14,3		07,59
 90,9		14,3		07,69
100,0		14,3		07,80
100,0		14,3		07,90
100,0		14,3		08,01
100,0		14,4		08,11
 90,9		14,6		08,21
100,0		14,6		08,32
100,0		14,6		08,42
 90,9		14,6		08,52
100,0		14,6		08,63
 90,9		14,9		08,73
100,0		15,1		08,83
100,0		15,1		08,94
100,0		15,1		09,04
100,0		15,1		09,15
 90,9		15,1		09,25
100,0		15,1		09,35
100,0		15,5		09,46
100,0		15,5		09,56
100,0		15,5		09,67
 90,9		15,5		09,77
100,0		15,5		09,88
 90,9		15,5		09,98
100,0		15,8		10,08
100,0		16,0		10,19
100,0		16,0		10,29
100,0		16,0		10,40
 90,9		16,0		10,50
100,0		16,0		10,60
100,0		16,3		10,71
100,0		16,5		10,81
100,0		16,5		10,91
100,0		16,5		11,02
100,0		16,5		11,12
100,0		16,5		11,23
100,0		16,5		11,33
100,0		16,8		11,44
 90,9		16,9		11,54
100,0		16,9		11,64
100,0		16,9		11,75
100,0		16,9		11,85
100,0		16,9		11,96
 90,9		17,2		12,06
100,0		17,4		12,16
 90,9		17,4		12,26
100,0		17,4		12,37
 90,9		17,4		12,47
100,0		17,4		12,58
100,0		17,5		12,68
100,0		17,9		12,79
100,0		17,9		12,89
100,0		17,9		13,00
100,0		17,9		13,10
100,0		17,9		13,21
 90,9		17,9		13,31
100,0		18,1		13,41
100,0		18,1		13,52
100,0		18,1		13,62
100,0		18,1		13,73
 90,9		18,1		13,83
100,0		18,2		13,93
100,0		18,3		14,04
100,0		18,3		14,14
 90,9		18,3		14,24
100,0		18,3		14,35
100,0		18,3		14,45
 90,9		18,5		14,55
100,0		18,5		14,66
 90,9		18,5		14,76
100,0		18,5		14,86
100,0		18,5		14,97
100,0		18,7		15,08
100,0		18,8		15,18
100,0		18,8		15,29
100,0		18,8		15,39
100,0		18,8		15,49
100,0		18,8		15,60
 90,0		19,0		15,69
100,0		19,0		15,80
100,0		19,0		15,90
 90,9		19,0		16,00
100,0		19,0		16,11
100,0		19,1		16,22
 90,9		19,2		16,32
100,0		19,2		16,43
 90,9		19,2		16,53
100,0		19,2		16,64
100,0		19,2		16,74
 90,9		19,5		16,84
100,0		19,5		16,95
 90,9		19,5		17,05
100,0		19,5		17,15
100,0		19,5		17,26
 90,9		19,6		17,36
100,0		19,7		17,47
 90,9		19,7		17,57
100,0		19,7		17,68
 90,9		19,7		17,78
100,0		19,7		17,89
100,0		19,9		17,99
 90,9		19,9		18,09
100,0		19,9		18,20
 90,9		19,9		18,30
100,0		19,9		18,41
100,0		20,1		18,51
 90,9		20,1		18,61
100,0		20,1		18,72
 90,9		20,1		18,82
100,0		20,1		18,92
100,0		20,1		19,02
100,0		20,1		19,13
100,0		20,2		19,23
100,0		20,2		19,34
100,0		20,2		19,44
100,0		20,2		19,54
100,0		20,2		19,65
100,0		20,2		19,75
100,0		20,3		19,86
100,0		20,3		19,96
100,0		20,3		20,07
 90,9		20,3		20,17
100,0		20,3		20,27
100,0		20,3		20,38
100,0		20,3		20,48
100,0		20,4		20,58
 90,9		20,4		20,68
100,0		20,4		20,79
 90,9		20,4		20,89
100,0		20,4		21,00
100,0		20,4		21,10
 90,9		20,5		21,20
100,0		20,5		21,31
 90,9		20,5		21,41
100,0		20,5		21,52
100,0		20,5		21,62
 90,9		20,5		21,72
100,0		20,6		21,83
100,0		20,6		21,94
100,0		20,6		22,04
100,0		20,6		22,15
 90,9		20,6		22,25
100,0		20,6		22,35
100,0		20,6		22,46
100,0		20,7		22,56
100,0		20,7		22,66
 90,9		20,7		22,76
100,0		20,7		22,87
 90,9		20,7		22,97
100,0		20,7		23,08
100,0		20,7		23,18
 90,9		20,8		23,28
100,0		20,8		23,38
100,0		20,8		23,49
100,0		20,8		23,59
100,0		20,8		23,70
100,0		20,8		23,81
100,0		21,0		23,91
 90,9		21,1		24,01
100,0		21,1		24,12
100,0		21,1		24,22
 90,9		21,1		24,32
100,0		21,1		24,43
 90,9		21,3		24,53
100,0		21,3		24,64
100,0		21,3		24,75
100,0		21,3		24,85
100,0		21,3		24,95
 90,9		21,4		25,05
100,0		21,4		25,16
 90,9		21,4		25,26
100,0		21,4		25,37
100,0		21,4		25,47
 90,9		21,4		25,57
100,0		22,0		25,68
 90,9		22,2		25,78
100,0		22,2		25,89
 90,9		22,2		25,99
100,0		22,2		26,09
100,0		22,2		26,20
 90,9		22,2		26,30
100,0		22,3		26,41
 90,9		22,5		26,51
100,0		22,5		26,61
100,0		22,5		26,72
 90,9		22,5		26,82
100,0		22,5		26,93
 90,9		22,6		27,03
100,0		22,8		27,13
100,0		22,8		27,24
 90,9		22,8		27,34
100,0		22,8		27,44
100,0		22,8		27,55
100,0		23,0		27,65
100,0		23,0		27,76
 90,9  		23,5		27,86
100,0  		23,8		27,96
 90,9  		23,8		28,06
100,0  		23,8		28,17
100,0  		23,8		28,27
100,0  		23,8		28,38
100,0  		23,8		28,48
100,0  		 0,0		28,59