cpu		mem	  time
 63,6   0,3   00,07  
100,0   0,4   00,18  
100,0   0,5   00,29  
 90,9   0,6   00,39  
100,0   0,8   00,49  
100,0   0,9   00,60  
100,0   1,0   00,70  
100,0   1,1   00,81  
 90,9   1,2   00,91  
100,0   1,3   01,02  
 90,9   1,5   01,12  
100,0   1,6   01,22  
100,0   1,7   01,33  
100,0   1,8   01,44  
 90,9   1,9   01,54  
100,0   2,0   01,64  
100,0   2,2   01,75  
100,0   2,3   01,86  
 90,9   2,4   01,96  
100,0   2,5   02,07  
 90,9   2,6   02,17  
100,0   2,7   02,27  
100,0   2,9   02,38  
100,0   3,0   02,48  
100,0   3,1   02,59  
100,0   3,2   02,69  
100,0   3,3   02,80  
100,0   3,9   02,90  
100,0   5,2   03,01  
100,0   7,5   03,12  
 90,9   8,0   03,22  
100,0   8,2   03,33  
100,0   9,1   03,44  
 81,8   9,9   03,53  
100,0   9,9   03,64  
100,0   9,9   03,75  
100,0   9,9   03,85  
100,0   9,9   03,96  
 90,9   9,9   04,06  
100,0   9,9   04,17  
100,0  10,2   04,28  
100,0  10,5   04,38  
100,0  11,2   04,48  
 90,9  11,2   04,58  
100,0  11,2   04,69  
 90,9  11,2   04,79  
100,0  11,2   04,90  
 90,9  11,2   05,00  
100,0  11,2   05,10  
100,0  11,2   05,21  
 90,9  12,0   05,31  
100,0  12,4   05,43  
 90,9  12,4   05,53  
100,0  12,4   05,64  
 90,9  12,4   05,74  
100,0  12,4   05,84  
100,0  12,4   05,95  
100,0  12,7   06,05  
100,0  13,0   06,15  
100,0  13,0   06,26  
100,0  13,0   06,36  
100,0  13,0   06,47  
100,0  13,0   06,57  
100,0  13,0   06,68  
100,0  13,2   06,78  
100,0  13,7   06,89  
 90,9  14,0   06,99  
100,0  14,0   07,09  
100,0  14,0   07,20  
100,0  14,0   07,30  
 90,9  14,0   07,40  
100,0  14,0   07,51  
 90,9  14,5   07,61  
100,0  14,5   07,72  
100,0  14,5   07,82  
100,0  14,5   07,93  
100,0  14,5   08,03  
 90,9  14,5   08,13  
100,0  14,7   08,24  
 90,9  14,9   08,34  
100,0  14,9   08,45  
100,0  14,9   08,55  
 90,9  14,9   08,65  
100,0  14,9   08,76  
 90,9  14,9   08,86  
100,0  15,3   08,97  
100,0  15,3   09,07  
 90,9  15,3   09,17  
100,0  15,3   09,28  
 90,9  15,3   09,38  
100,0  15,3   09,49  
100,0  15,6   09,59  
100,0  15,8   09,70  
100,0  15,8   09,80  
100,0  15,8   09,91  
100,0  15,8   10,01  
100,0  15,8   10,12  
100,0  15,8   10,22  
100,0  16,1   10,32  
100,0  16,3   10,43  
100,0  16,3   10,53  
100,0  16,3   10,64  
100,0  16,3   10,74  
 90,9  16,3   10,84  
100,0  16,3   10,94  
100,0  16,7   11,05  
 90,9  16,7   11,15  
100,0  16,7   11,26  
 90,9  16,7   11,36  
100,0  16,7   11,46  
100,0  16,7   11,57  
 90,9  17,0   11,67  
100,0  17,2   11,78  
 90,9  17,2   11,88  
100,0  17,2   11,98  
100,0  17,2   12,09  
 90,9  17,2   12,19  
100,0  17,2   12,30  
 90,9  17,5   12,40  
100,0  17,7   12,50  
100,0  17,7   12,61  
100,0  17,7   12,71  
100,0  17,7   12,81  
100,0  17,7   12,92  
100,0  17,7   13,03  
 90,9  18,1   13,13  
100,0  18,1   13,24  
100,0  18,1   13,34  
 90,9  18,1   13,44  
100,0  18,1   13,55  
 90,9  18,1   13,65  
100,0  18,4   13,76  
 90,9  18,4   13,86  
100,0  18,4   13,96  
100,0  18,4   14,06  
100,0  18,4   14,17  
100,0  18,4   14,27  
 90,9  18,6   14,37  
100,0  18,6   14,48  
100,0  18,6   14,58  
100,0  18,6   14,69  
100,0  18,6   14,79  
 90,9  18,7   14,89  
100,0  18,8   15,00  
100,0  18,8   15,11  
100,0  18,8   15,21  
100,0  18,8   15,31  
100,0  18,8   15,42  
100,0  18,9   15,53  
 90,9  19,0   15,63  
100,0  19,0   15,74  
100,0  19,0   15,84  
 90,9  19,0   15,94  
100,0  19,0   16,05  
 90,9  19,2   16,15  
100,0  19,3   16,25  
 90,9  19,3   16,35  
100,0  19,3   16,46  
100,0  19,3   16,56  
100,0  19,3   16,67  
100,0  19,5   16,77  
 90,9  19,5   16,87  
100,0  19,5   16,98  
100,0  19,5   17,08  
100,0  19,5   17,19  
100,0  19,5   17,29  
 90,9  19,7   17,39  
100,0  19,7   17,50  
 90,9  19,7   17,60  
100,0  19,7   17,70  
100,0  19,7   17,81  
 90,9  19,9   17,91  
100,0  20,0   18,02  
 90,9  20,0   18,12  
100,0  20,0   18,23  
 90,9  20,0   18,33  
100,0  20,0   18,43  
100,0  20,1   18,53  
100,0  20,2   18,64  
100,0  20,2   18,75  
 90,9  20,2   18,85  
100,0  20,2   18,96  
 90,9  20,2   19,06  
100,0  20,3   19,17  
100,0  20,3   19,28  
 90,9  20,3   19,38  
100,0  20,3   19,49  
100,0  20,3   19,60  
100,0  20,3   19,70  
 90,9  20,3   19,80  
100,0  20,4   19,91  
 90,9  20,4   20,01  
100,0  20,4   20,12  
 90,9  20,4   20,22  
100,0  20,4   20,33  
 90,9  20,4   20,43  
100,0  20,5   20,54  
 90,9  20,5   20,64  
100,0  20,5   20,75  
 90,9  20,5   20,85  
100,0  20,5   20,96  
100,0  20,5   21,06  
100,0  20,5   21,17  
100,0  20,7   21,28  
100,0  20,7   21,39  
100,0  20,7   21,49  
100,0  20,7   21,60  
100,0  20,7   21,70  
100,0  20,7   21,81  
100,0  20,7   21,91  
100,0  20,8   22,02  
100,0  20,8   22,12  
100,0  20,8   22,23  
100,0  20,8   22,33  
100,0  20,8   22,44  
100,0  20,8   22,55  
 90,9  20,8   22,65  
100,0  20,9   22,75  
 90,9  20,9   22,85  
100,0  20,9   22,96  
100,0  20,9   23,06  
100,0  20,9   23,17  
100,0  20,9   23,27  
100,0  20,9   23,38  
100,0  21,0   23,48  
100,0  21,0   23,59  
100,0  21,0   23,69  
100,0  21,0   23,80  
100,0  21,0   23,91  
 90,9  21,0   24,01  
100,0  21,1   24,11  
100,0  21,1   24,22  
100,0  21,1   24,33  
 90,9  21,1   24,43  
100,0  21,1   24,54  
 90,9  21,1   24,64  
100,0  21,1   24,75  
100,0  21,3   24,86  
 90,9  21,4   24,96  
100,0  21,4   25,06  
100,0  21,4   25,17  
100,0  21,4   25,28  
 90,9  21,4   25,38  
100,0  21,6   25,49  
100,0  21,6   25,60  
100,0  21,6   25,70  
100,0  21,6   25,81  
100,0  21,6   25,91  
100,0  21,6   26,02  
 90,9  21,7   26,12  
100,0  21,7   26,23  
 90,9  21,7   26,33  
100,0  21,7   26,44  
 90,9  21,7   26,54  
100,0  21,7   26,65  
 90,9  22,2   26,75  
100,0  22,4   26,86  
 90,9  22,4   26,96  
100,0  22,4   27,07  
 90,9  22,4   27,17  
100,0  22,4   27,28  
100,0  22,4   27,38  
100,0  22,6   27,49  
100,0  22,7   27,60  
 90,9  22,7   27,70  
100,0  22,7   27,81  
100,0  22,7   27,92  
 90,9  22,7   28,02  
100,0  22,8   28,12  
100,0  23,1   28,23  
100,0  23,1   28,34  
 90,9  23,1   28,44  
100,0  23,1   28,55  
 90,9  23,1   28,65  
100,0  23,1   28,76  
100,0  23,3   28,87  
 90,9  23,4   28,97  
100,0  24,2   29,08  
100,0  24,2   29,19  
100,0  24,2   29,29  
 90,9  24,2   29,39  
100,0  24,2   29,50  
 90,9  24,2   29,60  
100,0  24,2   29,71  
 90,9   0,0   29,81  

